947
6732
1353
2175
434
190058
44088
20538
5580
33542
911
1026
1512
339
156
14174
30936
43742
370247
938
3755
22366
608
77
4869
1382
234839
4810
7
1943
374
545237
2592
2611
29
276
833
14
1536
2093
1406
456
1335
451
1539
14140
916
431
1154
1761
1888
9294
1586
21
210256
1450
1527
427212
983
3470
3018
3928
6849
5846
3150
6579
6570
825
720
1454
1564
1034
1812
1301
2358
120
1453
1413
1183
1062
21085
20912
380644
1745
2622
19821
74
41292
41
2205
7964
2489
2632
2577
26658
27861
1223
45474
4429
16503
7402
427
4495
173
5717
16925
24715
6871805
25579
2394205
418327
3308
762
654915
0
1830116
3854078
40741
70808
20169
697667
2187875
752638
26122
0
2316
18981902
214497
237991
1778033
1128906
7165
5200818
152363
0
0
862022
552037
15260
19406
66
263926
420
0
4326
17396
47235
3192
6676
12020
1277050
2234
2122063
78
44772
21366
40818
515129
3714543
3468377
312177
724489
23171
210822
236
10
397375
21440
3740775
178
223561
0
27845
4173248
0
4858865
211006
1689612
69075
1213260
12352
925724
100409
4205620
17077
12124
310179
3485067
1300
834198
68
1174079
4919679
1017967
610951
681878
3130378
994
0
7659
416376
2313552
2064387
1386038
8844492
278697
79
5188
290907
47401
8
6
7
13
8663
901601
512528
562180
540747
264443
7233
9640
11994
7564
31932
152798
4172
0
0
0
0
0
0
0
0
0
0
2951
179691
11594
7582
26456
18092
775
88642
45232
49353
96327
2958
32025
0
843790
0
0
12158
12866
29919
266164
0
21107
53531
10503
10161
12253
10737
45466
403273
69668
93459
11222
7349
25277
4988
13781
10783
1272
5217
11302
9456
2706
122
5326
3258
5914
20926
14893
0
0
1300129
20626
36423
30606
1535469
0
176926
11638
467351
3390
9267
4567
10535
17642
13670
26275
4394
1634057
13896
0
18029
228807
13845
574
6148
6083
33284
4281
319062
2773
210605
745762
16271
1443128
3643
25962
1094
4495
66
119673
8042
2739
20205
202051
1031
10406
2402
0
0
6
1260322
51896
32465
526273
5991
20959
32947
8255
11487
11871
99630
9403
321
12739
14569
44766
1638301
0
19550
1410085
11529
11438
7833
2200
36399
249775
1816
22479
26011
712
28632
28171
28402
33161
20223
11894
27903
152726
70639
0
6790
31404
28
1925
8215
733334
1549
9957
9826
20814
0
0
8574
2777
301342
21422
34088
105992
142220
1172092
16545
597318
7936
302464
0
0
0
0
68025
180517
252764
20288
1087
2644
13247
52795
6950
1048529
20721
181490
12406
48499
0
3
0
111
0
1089
2187546
1272249
11942
4317
5285
16487
169957
63423
0
0
23
0
5695
3266
322
11747
5128
430043
44
909090
211548
58585
580
14098
4500
867731
308525
23355
1993028
55164
23414
95813
120890
59900
2798
5768
0
10
0
0
11474
7605
162870
472
1339
279560
8743
8563
11454
62336
15094
1034
726
144658
2249
473880
262819
8798
95007
7365
25466
17167
5436
21987
8010
16573
13508
22886
0
11431
157
272024
794916
0
0
0
18474
0
0
0
333
354796
1
2721
1202
1011
0
10040
3261
35236
136
8467
5931
48876
0
0
157797
38640
147533
1944
7437
1505
9935
28219
3
2122
1238381
1278
0
249817
0
24176
0
222003
45321
12726
347461
421
30729
81366
11153
3019
71728
100604
110278
124633
373651
1
5
5
20082
11881
4665
595
237681
611863
0
4025
972045
13175
62552
11526
6379
1389
202822
103
10772
28937
37859
2
12551
84
16041
21083
114515
368397
71723
3637
1864225
54041
4922905
8494608
0
3066
7398
1837393
106438
54347
1338889
0
1204
6849
2492692
413366
0
52131
293932
508293
1142
3879745
3620
4137
14
630381
2104144
1269642
6262
73
1538959
279179
7
2086
3104
6703
3720
1374
2629
1091
5092
339
608
791087
1424738
5908
1706
8672
1226
116091
142538
2134309
351533
9432
10150
9034
702
3482
352
21875
607
7442
13977
8528
266
72397
761762
2366002
599
640
211726
1527430
20873
12613
0
31
12540
490
68
27808
7869
25564
35810
32115
1818
77
1040
1194
40529
97256
621
12389
1918
5956
448066
108702
33541
431
35934
0
0
136
0
76
96277
124170
35889
659189
853606
166440
3802
6061
19245
216
1529330
21322
657908
707
6201
65106
4583
3200034
2862025
2138538
0
26930
1590142
1692880
2479891
86441
3879
93021
8590631
0
4901380
22721
37626
113717
625161
165753
101578
66732
8289
6
14310
4045643
415
0
38793
368536
1270831
9809
0
299642
4911141
19714
255745
32879
77538
411411
0
2095692
230966
337424
4455096
124
4674849
169083
416604
1873980
180807
4636476
3446396
2177
65470
175533
405175
1030359
3048344
369237
531030
207169
80320
194250
0
497726
2768252
0
2427925
182
2477142
395767
4043827
663949
0
7064472
0
50118
130833
2089
13789
0
91
939005
1388
6455
56050
3
1927
340618
64
0
824019
58091
2602761
160292
349064
0
7754176
21519
472674
0
26388
187866
3155
17
86811
22
8742571
24394
1407079
0
122
0
391214
80212
232150
1235335
16
7
45076
3101
0
0
66614
27468
9841
10546
134544
418507
13919
32881
60012
1945
7592427
23383
17281
47093
3613569
1
5792
52570
4514
4907
784
6195
0
10602
1086
38973
7892
15761
123847
7559177
276024
208372
4
43526
38
6
0
334616
0
42673
3135513
172
187471
250214
1337799
3459146
70634
61364
1488441
1419655
1650
115606
425578
172354
114
12522
4
2072871
163783
715131
3337
304648
423776
26718
26666
34190
61857
0
70
71107
190351
679126
990
1
101
105
23
221
37
77
160
12
4
51
24
202
37
112
85
16
1358
177213
2
92
444671
459116
16882
136
4
14
39
87
1315630
40828
24
38
12
884
75
41
7
520
8
105
42
16
20187
9
3158
1174336
41
51587
133
227
351
1026877
691429
24
166
7
24
297029
53
40
419
42030
47
167
112
154
0
69
80
457493
30
1221
693
2060520
476
63
0
35259
1167341
13
364
0
29
186
342
334952
5035
85
42
1267
76
99
8352
3028001
24
225
5012
7210
7533
9286
5837
97336
20
722
3023
8
10
82259
205
32
51
36
12
70
247
242
3664
4
9972
26
3613
126
56
41
74
10956
6083
28
830
5218704
155
152
63
14
331
6
20
46
17103
20005
0
202275
7
12034
6
4
26322
177644
0
0
1
627960
0
464
0
91636
710039
8
28
300
146
10270
14666
50
492393
23092
23370
462267
135
4501860
0
21547
289
217
9048
237
35
46
8132
5522
0
0
805383
29769
15730
954227
0
3460849
262959
260778
54805
417
14
780
0
37
24
352
549
53
2831
147783
14439
676881
446077
0
98
786
1003135
54
460
149276
23493
14
671234
15270
4480452
3358267
1712217
12384
85
346
0
201509
3741
0
510
484467
1365663
104
0
16
20528
12047
477
230807
10
5178
1596293
3043301
12024
1708
3
524
0
273
155
45927
1295978
13076462
0
14
307
3978
151
180
275
0
82998
49090
55528
0
181321
3993
1286
32
111
1
197518
0
70642
47
12716
66007
33420
257737
39035
347
838808
4
434886
4149
0
358452
0
2628964
5411028
7565
693851
23
3373
200474
4183
8813
23008
4563146
5061386
14849
0
0
0
3002481
15
0
1267012
171398
12561410
17
32
173842
6
35059
100
1978144
1066973
7251027
0
3739644
0
3030109
1718800
90427
0
749790
0
7122
6514
49139
5365
69659
0
1128
60126
68622
3841850
5
4462
4427767
302280
4238
1900789
1410841
0
26473
437205
0
127057
73500
120870
47695
1275999
55741
0
124
2623
68
4
678
34
67
108
133
1308
4
162
193770
2846
391
107
3483
23672
168
152
59
5643
55947
37
293363
15
1361
2042
9758
27
30
29
296
33033
87724
1048
1
25
1612237
2019
59
11824
784
910
8211355
590
33
2188
44
6967028
131
2198809
52
14534
7581
73
75
9
1433112
0
2
81
21
13917
10
11
6
662
4
2289
1574
125
7451
644963
11788
33
375
59
2410
6
29
106
58
195
31
0
1
53
832
60132
66
0
539733
0
59177
1880873
22
2679111
60723
1527467
2751004
508351
10635022
0
0
0
6977962
37
0
178109
10571
0
19795
7053462
0
22213
11739
3322874
41
0
1418426
327357
2931
4742319
229345
8547717
16
2354250
5112
17805
1437297
487931
42573
41222
1079510
5617541
58143
908303
65401
1634382
32659
31393
837806
13713
628916
195294
132730
13927
193455
186683
73037
107928
14676
20201
19600
116675
1315615
695329
97308
18885
1089086
886043
5800
13258
43932
170119
1597822
101650
15
4851060
2283
28425
1575689
1363485
90294
1727403
15608
86
97596
760683
178356
11916
2474000
751
13953
2245473
304435
3962
88280
61392
0
2004
15
28782
650004
269246
625717
10124
1555
192166
198
3243
33374
310207
24953
499
100494
196
12070
115996
0
1477342
18
2283
264
5031
19240
0
0
0
300
4972
23
464679
171840
481
102246
2738
104469
449737
27695
0
845776
293
0
11753
842
60284
18487
12426
5705
368283
589884
260
48
3078
0
55340
5324
11189
21093
2738
7148
1833
880
1236
283722
256856
225230
25
779
264
831619
0
7113
19609
1
296
1260541
289957
0
57878
441275
1126290
1590060
284
269937
193
0
708
857
124118
2150182
0
0
318874
1294393
111154
2896
327
140853
5657
166693
75
23436
1959
3194
138695
572
1235608
113094
5466
2211
2991
3127
0
9780
1085
635
401
82040
0
41255
81900
0
132
9738
8876
103577
77
96934
74591
8490
35957
0
414136
16510
28105
54063
119574
59152
0
125015
493341
0
161
35
207
5056309
0
0
0
8873
1902
1167
0
7408
51
3166
1286
283
0
288
2124292
511686
153357
1958768
2484
24991
459
7105
0
8548
9413
787960
59532
252495
356
4
20006
27062
14782
50
0
0
0
0
643056
0
0
3963
408
12
175
355992
37063
7483083
874891
8679
57060
14019
117012
194490
0
3885
2575
45
565
75838
101
375325
3818658
14390326
57
729
77
3079665
19
3274
120
44944
32146
0
0
8586
0
0
367
187
5807
296
757230
817
243447
0
62
244
0
5
2103968
346
0
261567
1650
91238
501856
18632
152
352232
44011
0
9825
2267
34252
28651
7363
0
209
0
18263
489
0
37656
590
8
1962510
20
12
43
938541
18229
17165
15954
15527
62
790064
128
48
108827
21807
5061137
14988
153543
23
10526
41
173838
201394
40
24
0
10145
4316
5
8351
305747
18859
133
118
10
18
1861
0
1208120
13
264359
6100
5044
42
11218
9
37
3409
20
32995
9
7
13772
85
36
61
1243884
443
105
58
3
252
16
144
359
13
439
32
195
10033
12913
21986
2189
48
373
15087
149513
261
932187
425
16720
18750
15865
9525712
93
0
31137
207
231
8944
132
0
40
17097
843
53
40
27
7
133
12
107
12
99623
64350
1
83
461
259
29
17303
0
36
35
116828
13
51
0
11925
16375
0
1367
41
455
821
807
2444
10269
957309
18
197225
63205
936
1291
331
12718
23173
23
3
3
2281789
4668
164930
6946914
178
1004
99559
1809547
1
1193
8
17326283
129
28197
85
9
2056
28167
147267
727
32963
751
1053
40485
6249032
0
6509
15387
25
15635
2349
13261
7571191
11
49
32
1784458
3194800
43648
38
0
430107
1161848
15839
1900
7433904
66
62
0
1
5
1306214
829521
1846026
924333
20915
1867676
53457
307998
2221568
15068
93823
6424232
1882958
10843
68872
37761
685358
1247953
17128
169282
186
6087
2367603
26
943341
0
2855520
34247
1931801
9499
129129
1421229
0
31178
9193783
407592
28490
139408
0
665
80089
348509
351
31
4780
356
3382
417921
72
115
1321035
4881584
0
744
0
0
1609460
2661
355
31
42
76
0
357219
4629165
0
0
4
219891
105396
8627
1911515
0
6341
65
699
187
262
590790
0
171
140
71
0
2538629
3
86
147
3
2378
15325
0
1176987
1727430
3
8
4
38212
71
247
76
6154602
0
0
896848
756
70
4
4
12
15825
54856
37324
26634
23473
513
100
0
4
1884688
0
3887253
0
409034
3115
5728857
0
0
4
54
216
761
3
4
37265
0
1824
1365
38
0
55
0
57
0
0
5
21770
37356
6930158
8653966
2932567
7
12
648
21
3814185
471409
5624398
113779
4
4
567357
85520
20314
7
148496
19062
28
379082
10
23
2522
17
783
104421
3
7
118
10
11
158
0
2
250
18
7362834
1236070
919
1223
1411
6374
28
1
344330
8
777
2028
13
44
31
8836328
265
2121342
73
16
425
71
511453
52
18522
1
55521
11
611729
2
5
13
7
10
77904
54
4
62
24
220957
6
33
4112
153511
10
4853
1342433
9790
0
1663
147729
0
15110
214456
12923
1351
48
1641
0
0
3429
110479
1881
0
24220
206600
789
0
788365
14588
16405
8262
63859
210118
14611
563221
10
8669
31213
5970
551583
0
37681
8055
58507
64403
264005
3890
721
912
13771
4555
14791
15339
11946
841
38456
67954
313
115637
1791507
1467387
539155
23473
15547
0
1402
31313
1705233
0
142282
3140
148881
32035
0
12949
10837
57
1191863
2861
31
1562
173748
0
1487478
12906
0
304528
70
976872
179
110080
0
1623513
430510
1325
187202
12131
851859
674265
25925
8289732
0
2020423
6485
15742
0
7801
1368755
323740
11970
75949
347
86567
89861
591920
6294879
5592
48540
1144868
7788
7489
2788086
18358
164680
7279
477501
0
0
431572
0
0
1514433
0
167705
0
304117
264594
1727
0
1099885
0
0
0
284456
0
1176338
10998
0
0
0
90985
38881
2223216
1258450
0
801959
0
167210
66815
168
851
10308
23
9374
603148
2424705
17292
534549
838692
45
3848
80269
756
2032937
264312
12223
418304
51810
6830
17
646766
11868
900984
55796
2554
43973
0
1176
0
0
0
47827
142998
582232
16451
1699342
0
8496
78519
942524
14720
1376979
51407
1273355
36570
14653
174
10371
6304
0
1990
66693
32
31971
228558
27
164
36462
45084
40098
0
228
57186
868
197429
8405
0
176360
44141
10942
27077
13534
1595423
5948
18889
15
248841
11143
8
42498
91319
91998
20
680
0
0
0
11332
14
6
44
103
20
0
72100
46714
15
133
41127
106288
30943
1894618
35013
141
33
53
16
28
17
25490
47
9760
0
223914
0
3752
47931
5425
67069
29
1090073
370337
39085
1095121
42200
203
2562
278757
34232
42
74500
38271
23
18955
58204
0
123
1967
27730
175731
161
2527
1677
4324
24
15
6
2158
3008
9
12
15683
14669
7615
1932955
40560
42487
0
2210
335
29
92291
391062
1118
115
6
1677
1997
1195
2201
81
15961
53293
262484
1449232
376
1
1347
0
3700
484
0
10171959
2305240
63255
2471570
401
927
124
441
1
1223111
620
281455
9701
6
94189
439
1790331
46
175
1491619
223
15183535
0
192
59442
4191607
84796
79
5330327
0
241786
0
7045978
99947
1375362
524
36
4451
255
446
33
897
1618
2096
2264823
41643
250
0
2838
1343
0
5090
5031
5826
5418
182
79
2
0
5
187152
109547
178579
301
255
85
118
45
2066
3
183
0
3280
704459
166
572374
200
5695844
5643825
2161625
2760410
41
54161
60157
1
28056
319438
855
83396
2585924
136579
3743
96
90672
1101859
1839907
709005
275648
54917
13
4
2
1235349
26725
2637151
177632
629331
2699651
2808888
59
7338
2671683
1154715
265809
1679281
2787590
356982
48915
16932
2456664
5661
198711
0
21
11167
81946
227925
6930
1872058
1295487
0
95673
1291346
709985
3777
287
0
9
567
0
0
13523
1034718
1724022
6966
1217158
24218
0
9972
1091299
226076
0
0
2752
0
12685
41
0
5
0
16426
711976
21088
2696714
1440187
66
0
0
1347141
79985
9785
141146
101
670953
242992
7912022
687508
216146
2772611
1479
0
0
219
25351
15441
521376
14478
11185
3230934
0
755
263
2112921
0
119775
8215
912728
0
0
360195
0
308
2053618
2446773
88916
38591
8369
2137966
1659997
3516054
2581411
123487
20710
3316
2771971
4070
1109
8000302
0
328
0
3682014
0
238784
0
1630962
919833
0
2107358
286484
89360
14894
204178
0
214
41
5730
1218
2330345
90818
946
377066
3299
13932
0
1666103
2165
320
19269
62711
1850
18795
3981
80
0
80775
1457
2
0
300996
3822
321
19997
826
12799
0
2731502
124
901647
181
17453
96950
1635395
1149895
179
594
65
824
593
128
24
225
52
627
2621583
180
3316
0
28214
152042
82
1705
0
3423
287409
98368
633
22140
442872
258758
3851644
645
3363011
3772131
297125
2386957
712324
11
34337
1586114
237
66
29
46
10
8306
25861
224538
2210749
101
10271
153
17711
4
8640
0
805417
308075
301898
51
3051
7846
1489959
675517
79587
6064
0
0
6639
184459
13
0
7
2
151389
38
309
1133692
696705
7342787
4485
5659
3685
0
16595
750
49
0
36757
141407
2233767
2669877
0
0
558842
17031
55772
214
29
31
4991
0
11
24
8340
56
1429
8993
59
7
54
0
900614
52
2563505
893568
81
0
67500
160831
2727388
2710475
19374
98789
12753
1813541
0
361727
36
35
69972
390
22321
831
5825
2530
14
882
13
1465676
0
228098
751782
0
10473424
1932
505161
2875565
291447
2133718
513964
1973170
1507849
100
11277
14076
10082
0
9
0
216810
11268
32583
0
1892525
375240
0
412031
66259
0
91821
612710
194388
1115160
1730262
406081
90006
1822435
8989
1481009
26185
587
337023
1065104
116354
1212598
766529
44340
562338
23996
1353364
1735485
3028728
1095049
2246120
39346
43083
747087
87009
2681729
0
510452
17700
2647789
85754
0
0
842112
450315
385429
446087
67428
417212
124919
66453
311845
876689
1354362
0
1063731
4464941
1134268
401719
356180
2883333
67818
140965
98351
265571
2859873
2498577
88280
428397
70008
3715411
1257023
1086786
617749
931690
26680
2585
6387499
27088
1438034
7624
160149
441263
1711102
101417
311356
2955092
41682
75489
1370000
6755583
1253489
1369042
14910686
0
1789379
31972
488443
73660
8319
397837
282877
911887
815154
0
270567
47794
0
7896
1758848
848624
542051
640264
14446411
2800747
1091765
1364592
1820033
1134100
2557535
206711
1539077
116914
268904
13491
620807
57354
26440
0
6466
117831
74
881910
130519
14869
111631
2799
27
1733216
15253
124187
2998220
64851
59429
10325309
168118
760630
3248068
759799
4980140
34650
0
750887
2008
87495
407922
8399
164
1349490
2921
785566
16
146171
1105312
1417862
573779
17028
18035
1611212
1792395
62
0
432670
72378
15638
137471
2238848
37917
3099637
563
329572
1910712
161746
50067
45199
446024
139239
19435
11466114
82188
4080885
6945
25216
0
467671
17249
1083472
929639
2171239
5158
0
77
14
2
13543
3603573
12085
30452
27171
1036860
0
115706
10129
0
8708
8785043
4947842
3615
6948707
15499
2390619
1176
64431
3491
213188
9
3023
0
5355
157
418197
121310
0
0
48897
342
199288
6470
0
1334
0
1324
1807464
207
109423
43
140
4139583
1247
259209
62261
2141
169
2728
2543350
100
184224
1443150
20826
188359
685380
93
69
48
80983
433
3100771
64
458
63124
2668
0
127
203
594967
2029
113138
4194083
5738
226
970938
34211
0
25551
0
16984
1410
683564
238304
169
355895
1813
0
0
3
159
1973
490
11314
542
195
88
2014847
5852
222
1502
397
1605688
185
170425
420139
0
14953
64
38
42
40
269
16006
287
1010
1927309
187
913771
2510
459
153
3751621
0
0
0
6
95733
114944
68332
62525
342
345
76
0
72
29329
717
0
743
321
89
624
25819
6438276
1061964
1664
566
206
196567
492262
27364
407306
19787
804910
1080555
345
10368
16913
0
302035
0
357539
35488
481
2771
700048
0
0
1513
1266
147275
227890
3523
5
8589
5039
0
185186
517
15
4
52435
21
0
124619
26605
1
6258629
74126
72523
129
542
4
0
0
79468
415
1307584
3741
7798381
26
301
1
2
57
0
69
1727796
0
32623
1114332
23515
11962
7
14
2129
1860895
789
49595
15
100495
1583
0
20625
1382
25305
275045
59
30
0
0
0
15254
54044
0
238
3426358
44840
1395
4
0
1787898
202
295964
0
380002
46
27356
3579508
6245
41
0
0
184982
23
3
11
7773
196436
86583
817364
4057994
30500
351955
0
7
32302
2
267809
158793
79919
5219828
839668
10828625
11272850
4793237
4037069
0
5181498
5543078
0
1016491
5290275
655
788
9365
16667
166035
5437688
3643219
3021
107245
109503
647
12370185
109
10299350
3079406
966949
10045
106
329083
1497
4030
925930
942319
1021998
2357292